0 0.7897623406250001 0.5702349875 0.7789698359375 0.5297519578125 0.7263071296875 0.5694673625 0.7897623406250001 0.5702349875
0 0.6755027421875 0.5229112265625 0.6253711156249999 0.5213916453125 0.6341480796875001 0.5694673625 0.6802276046875 0.532887728125 0.6755027421875 0.5229112265625
0 0.370429615625 0.5147519578125 0.3386526515625 0.481676240625 0.3291444234375 0.502579634375 0.32182998125 0.48376631875 0.2874533828125 0.5193015671875 0.37302925 0.5172114875 0.370429615625 0.5147519578125
0 0.6310511890625 0.19496475156249998 0.6829826328124999 0.15315926875000002 0.62593144375 0.1489791125 0.6310511890625 0.19496475156249998
0 0.6892138937500001 0.10515665781250001 0.6800566734375 0.058052218749999995 0.617885740625 0.1071736296875 0.6892138937500001 0.10515665781250001
1 0.9551819015625 0.3023015671875 0.98400365625 0.3009791125 0.98443875625 0.1946527421875 0.9551819015625 0.1956984328125 0.9551819015625 0.3023015671875
1 0.9529881171874999 0.376506528125 0.954450640625 0.5301409921875 0.9829762343749999 0.522825065625 0.98400365625 0.526174934375 0.9851709328125 0.37232637031250004 0.9529881171874999 0.376506528125
1 0.95065905 0.7493955609375 0.98400365625 0.749738903125 0.9850365625 0.597851175 0.9513903109375 0.5968054828125 0.95065905 0.7493955609375
0 0.1624771484375 0.43805482968750004 0.18514168125 0.4838433421875 0.1844104203125 0.40127676250000005 0.155153565625 0.40127676250000005 0.1624771484375 0.43805482968750004
1 0.1870712984375 0.39295300312500003 0.1885338203125 0.1504817234375 0.16659140781249998 0.1546631859375 0.16878610624999998 0.4023603140625 0.1870712984375 0.39295300312500003
1 0.16968921406249998 0.131197128125 0.19455758750000002 0.127015665625 0.20040950624999998 0.0013054828125 0.1726151734375 0.0013054828125 0.16968921406249998 0.131197128125
0 0.6835009140625 0.8460182765625 0.6299588671875 0.84437336875 0.636542046875 0.889313315625 0.6835009140625 0.8460182765625
1 0.2540073125 0.86527545625 0.367001828125 0.8672323765625001 0.365914990625 0.8171997390625 0.2540073125 0.81406396875 0.2540073125 0.86527545625