0 0.398653646875 0.241347903125 0.40042526875 0.2429348796875 0.41424192968750007 0.21438001718750002 0.408927859375 0.200895628125 0.395465125 0.19296342500000002 0.382356715625 0.20010258749999998 0.382356715625 0.200895628125 0.398653646875 0.241347903125
0 0.3979449984375 0.584737734375 0.3968824234375 0.5434915250000001 0.3894424078125 0.5506306875 0.3830653640625 0.5625281 0.381648465625 0.5855307765625 0.3979449984375 0.584737734375
0 0.4656125953125 0.568811775 0.47588680781250003 0.56167350625 0.48155520156250003 0.5331186437500001 0.482618175 0.5275664578125 0.4649928265625 0.531470115625 0.4656125953125 0.568811775
0 0.5120235156249999 0.4744531671875 0.512731765625 0.45145138281249997 0.48580669531250004 0.44988502031250005 0.48580669531250004 0.5038010703125 0.49926942968750004 0.4966628015625 0.5120235156249999 0.4744531671875
1 0.430538859375 0.20958965156249998 0.4638413703125 0.21038269375000002 0.463487046875 0.19848528125 0.4294762859375 0.1976922390625 0.430538859375 0.20958965156249998
1 0.17147150312499998 0.714982159375 0.170762853125 0.69991079375 0.138169390625 0.6989794828125 0.1399406140625 0.714982159375 0.17147150312499998 0.714982159375
1 0.2699613390625 0.7133951828125 0.2696070140625 0.695945584375 0.23595057812500003 0.69991079375 0.23595057812500003 0.7165682421875 0.2699613390625 0.7133951828125
0 0.0765245125 0.7118090984375 0.08113033124999999 0.7443300625 0.0967186125 0.7633666375 0.0965412515625 0.7158287249999999 0.0765245125 0.7118090984375
0 0.0882156234375 0.61741926875 0.0885699484375 0.6356628015625 0.09884416093750001 0.6602515609374999 0.1094726984375 0.6642176625 0.1080554 0.6177020515625 0.0882156234375 0.61741926875
0 0.1406492625 0.4334611953125 0.16013471562499998 0.437427296875 0.1576548421875 0.41759768125 0.1512778 0.3993541484375 0.1410035875 0.3961810890625 0.1406492625 0.4334611953125
0 0.197333996875 0.2518206953125 0.19520845 0.20026315781249998 0.18528856093749999 0.20581534375000002 0.1767859703125 0.22326583437499997 0.1743057 0.2518206953125 0.197333996875 0.2518206953125
1 0.165448784375 0.25499375625 0.165803109375 0.23595718125 0.132412115625 0.2400633359375 0.133209246875 0.2565798390625 0.165448784375 0.25499375625
1 0.22355081718749997 0.20978144531249998 0.279526903125 0.20978144531249998 0.278818653125 0.1978840328125 0.22319649218749998 0.1974424625 0.22355081718749997 0.20978144531249998
1 0.3645544046875 0.2565798390625 0.36490872812499997 0.240716325 0.333023515625 0.241054415625 0.333023515625 0.25499375625 0.3645544046875 0.2565798390625
0 0.376599840625 0.400147190625 0.369159825 0.43504727968749995 0.3914794734375 0.43584032187500005 0.3914794734375 0.3936958078125 0.376599840625 0.400147190625
0 0.3950223203125 0.3897314890625 0.392542446875 0.43901338125 0.41592507031250003 0.4405994640625 0.41379912343749997 0.423149865625 0.40742208125 0.40332025 0.3950223203125 0.3897314890625
1 0.43045037812500003 0.7148893843749999 0.46233559218750003 0.7125093671875 0.46233559218750003 0.6966458515625 0.4295647671875 0.6979875109375 0.43045037812500003 0.7148893843749999
1 0.32558349999999997 0.791828725 0.33125189375 0.791828725 0.33054324375 0.7339259593749999 0.3241662015625 0.7336699375 0.32558349999999997 0.791828725
0 0.376954165625 0.821176628125 0.354988840625 0.821176628125 0.35321721875 0.825935771875 0.36313710625 0.86004281875 0.376954165625 0.8719411234375001 0.376954165625 0.821176628125
0 0.41716500625 0.4848849234375 0.40706775625 0.488922390625 0.40033638906249996 0.5024067796875 0.3999824625 0.5262024984375 0.4180506171875 0.5262024984375 0.41716500625 0.4848849234375
0 0.1746600234375 0.6110740406249999 0.1746600234375 0.630110615625 0.18210004062500001 0.6507332734375 0.194854125 0.6650107046875 0.1961825421875 0.611755575 0.1746600234375 0.6110740406249999
1 0.068730171875 0.6602515609374999 0.06908449531250001 0.5991757359375 0.06377042656250001 0.6018438890625 0.063061778125 0.6578724359375 0.068730171875 0.6602515609374999
1 0.0754615390625 0.5872783234375001 0.10061538437499999 0.5872783234375001 0.0991984859375 0.5769669937499999 0.0761701875 0.577064228125 0.0754615390625 0.5872783234375001
1 0.40377001406249996 0.7171120906249999 0.40210801093750004 0.7475022296875 0.40706775625 0.745916146875 0.40813072968749997 0.7181543265625 0.40377001406249996 0.7171120906249999
0 0.3587086484375 0.7643969671875 0.3620741328125 0.776850134375 0.3688055 0.799852809375 0.3804970109375 0.806991971875 0.3804970109375 0.7649527203125001 0.3587086484375 0.7643969671875
0 0.3600370671875 0.7485379125 0.3780167390625 0.7490892062500001 0.3794340375 0.707842996875 0.37057712187499997 0.710223015625 0.36278278125 0.7197404109375001 0.3592399359375 0.72846565625 0.3600370671875 0.7485379125
1 0.19945954531250001 0.2581971453125 0.2210709453125 0.2113987515625 0.2178824234375 0.1984335421875 0.1959170984375 0.24550579843749998 0.19945954531250001 0.2581971453125
1 0.278464328125 0.212984834375 0.2929896375 0.24233363125000001 0.29865803125 0.23202140937500002 0.2834240734375 0.1994255125 0.278464328125 0.212984834375