1 0.0597969546875 0.176149465625 0.0585469546875 0.1367010671875 0.0458807109375 0.1373665484375 0.047298223437499995 0.176149465625 0.0597969546875 0.176149465625
1 0.042299492187499996 0.24715658437500002 0.054796954687499996 0.2454021359375 0.0560469546875 0.211215303125 0.0435494921875 0.212967971875 0.042299492187499996 0.24715658437500002
1 0.042299492187499996 0.3988113875 0.061045685937500004 0.3996886125 0.0591713203125 0.33043416406250004 0.0458807109375 0.3289893234375 0.042299492187499996 0.3988113875
1 0.1551180203125 0.1009306046875 0.1563680203125 0.0816459078125 0.13137182812499998 0.0816459078125 0.13137182812499998 0.10268327343749999 0.1551180203125 0.1009306046875
1 0.3194657359375 0.09567081875 0.3182157359375 0.074631671875 0.2957829953125 0.075774021875 0.297593909375 0.0947953734375 0.3194657359375 0.09567081875
0 0.15199365468749998 0.140379003125 0.12299873125 0.1373665484375 0.12074873125 0.178950178125 0.130121828125 0.178072953125 0.1432449234375 0.16141814999999998 0.15199365468749998 0.140379003125
0 0.10161040625 0.3424608546875 0.1147322328125 0.350350534375 0.113483503125 0.307396796875 0.087861675 0.309149465625 0.08661294375 0.313532028125 0.090986040625 0.3266814953125 0.10161040625 0.3424608546875
0 0.16160025312499998 0.346843415625 0.16347461875 0.3082722421875 0.1316053296875 0.3109021359375 0.1372284265625 0.33106405625 0.16160025312499998 0.346843415625
0 0.14121192968750002 0.428291815625 0.15933375624999999 0.44494661874999997 0.162458121875 0.398485765625 0.1324631984375 0.398485765625 0.14121192968750002 0.428291815625
0 0.156209390625 0.5203362984375001 0.15808375624999998 0.465985765625 0.119093909375 0.4672330953125 0.1337131984375 0.5089395015625 0.156209390625 0.5203362984375001
0 0.2893109140625 0.5036797156249999 0.2420926390625 0.5041886125 0.2449441625 0.5554003562500001 0.251817259375 0.5545249109375 0.2768134515625 0.5404982203124999 0.2893109140625 0.5036797156249999
0 0.0626675125 0.64908896875 0.0376713203125 0.666620996875 0.029546954687499998 0.7051921703125 0.058293146875 0.7078220640625 0.0626675125 0.64908896875
1 0.11320558437499999 0.8379750890625 0.19569162499999998 0.8388523125 0.193817259375 0.8090462640625 0.10640355312500001 0.8121548046875 0.11320558437499999 0.8379750890625
0 0.35066624375 0.70735943125 0.3406675125 0.738040925 0.3794111671875 0.749437721875 0.3769111671875 0.686320284375 0.3719124359375 0.690702846875 0.35066624375 0.70735943125
0 0.32942005 0.74505338125 0.28255202968750004 0.7441779359375 0.28113959374999997 0.745085409375 0.29442512656250003 0.7888843421875 0.3237956859375 0.8090462640625 0.33004441562500003 0.8029110312500001 0.32942005 0.74505338125
0 0.4746205578125 0.71837010625 0.48086928906250004 0.682428825 0.441233503125 0.684861209375 0.44212563437499997 0.7402864765625 0.4746205578125 0.71837010625
0 0.633343909375 0.7271370109374999 0.6452170046875 0.68593594375 0.6071852796874999 0.684861209375 0.608347715625 0.737656584375 0.633343909375 0.7271370109374999
1 0.5377347718750001 0.9050907468749999 0.53461040625 0.8831743765625 0.455873096875 0.8831743765625 0.45524873125000004 0.9059679718750001 0.5377347718750001 0.9050907468749999
1 0.38401015156249996 0.9112277578124999 0.3833857875 0.8901886125 0.35588959375 0.8901886125 0.35588959375 0.9103505343749999 0.38401015156249996 0.9112277578124999
1 0.6208464265625 0.8823129562500001 0.6227195437499999 0.9033380781250001 0.702706853125 0.9085978640624999 0.6977081218750001 0.8831743765625 0.6208464265625 0.8823129562500001
0 0.7770629328124999 0.8850084953125 0.7803946703125 0.886343415625 0.7816446703125 0.9240373671875 0.894125634375 0.925791815625 0.89225 0.789914590625 0.7791446703125 0.786409253125 0.7770629328124999 0.8850084953125
1 0.9322436546875 0.6777081843749999 0.9334936546874999 0.6023185046874999 0.91761040625 0.6 0.9197461921875 0.6785836296875 0.9322436546875 0.6777081843749999
0 0.3029098984375 0.8807597859375 0.27166497500000003 0.8386814953125 0.2579175125 0.8614733093750001 0.2554175125 0.897414590625 0.269164975 0.924590746875 0.3029098984375 0.8807597859375
0 0.5120469546875 0.4016370109375 0.5076725890625 0.3674483984375 0.47392766562500005 0.34641103125 0.47205329999999995 0.3928718859375 0.5120469546875 0.4016370109375
1 0.5095469546875 0.4104039140625 0.6538972078125 0.41127935937500004 0.6532728421875 0.38322775781249996 0.510543146875 0.385108540625 0.5095469546875 0.4104039140625
0 0.8157271578125 0.38741103125 0.7982296953125 0.3558523125 0.7719847718749999 0.33569039218749996 0.771182740625 0.39195195781250003 0.8157271578125 0.38741103125
0 0.7738591375 0.53643594375 0.8138527921875 0.5381886125 0.8044784265624999 0.50224733125 0.7707347718750001 0.4838398578125 0.7738591375 0.53643594375
1 0.8144771578125001 0.3953007125 0.8732170046875 0.3944234875 0.8725926390625001 0.3733843421875 0.8182258890625 0.37864412812500003 0.8232258890624999 0.3777686828125 0.8138527921875 0.374261565625 0.8144771578125001 0.3953007125
1 0.3384378171875 0.21222775781249997 0.3359390859375 0.099144128125 0.31921065937500004 0.0963042703125 0.320315990625 0.2104750890625 0.3384378171875 0.21222775781249997
1 0.3353134515625 0.3174217078125 0.45216878125 0.3156690390625 0.45466878125 0.292 0.34068781718749996 0.29750889687500004 0.3353134515625 0.3174217078125
0 0.023428934375 0.5644128109375 0.06594289375 0.5614128109375 0.0646941625 0.5000480421875 0.0309492390625 0.5158274015625001 0.0197005078125 0.544756228125 0.023428934375 0.5644128109375
0 0.3198692890625 0.30636476875 0.3167449234375 0.250261565625 0.29424873125 0.2607811390625 0.28016370625000003 0.3002455515625 0.3198692890625 0.30636476875