1 0.047298223437499995 0.8238505343750001 0.0458807109375 0.8626334515625 0.0585469546875 0.8632989328124999 0.0597969546875 0.8238505343750001 0.047298223437499995 0.8238505343750001
1 0.0435494921875 0.787032028125 0.0560469546875 0.788784696875 0.054796954687499996 0.7545978640625 0.042299492187499996 0.752843415625 0.0435494921875 0.787032028125
1 0.0458807109375 0.6710106765625 0.0591713203125 0.6695658359375 0.061045685937500004 0.6003113875 0.042299492187499996 0.6011886125 0.0458807109375 0.6710106765625
1 0.13137182812499998 0.8973167265624999 0.13137182812499998 0.9183540921875 0.1563680203125 0.9183540921875 0.1551180203125 0.8990693953125 0.13137182812499998 0.8973167265624999
1 0.297593909375 0.9052046265625 0.2957829953125 0.9242259781250001 0.3182157359375 0.925368328125 0.3194657359375 0.90432918125 0.297593909375 0.9052046265625
0 0.12299873125 0.8626334515625 0.15199365468749998 0.8596209968749999 0.1432449234375 0.83858185 0.130121828125 0.8219270468750001 0.12074873125 0.8210498218750001 0.12299873125 0.8626334515625
0 0.087861675 0.690850534375 0.113483503125 0.692603203125 0.1147322328125 0.649649465625 0.10161040625 0.6575391453125 0.090986040625 0.6733185046875 0.08661294375 0.686467971875 0.087861675 0.690850534375
0 0.1372284265625 0.66893594375 0.1316053296875 0.6890978640625 0.16347461875 0.6917277578125 0.16160025312499998 0.653156584375 0.1372284265625 0.66893594375
0 0.1324631984375 0.601514234375 0.162458121875 0.601514234375 0.15933375624999999 0.55505338125 0.14121192968750002 0.571708184375 0.1324631984375 0.601514234375
0 0.1337131984375 0.49106049843750005 0.119093909375 0.5327669046875 0.15808375624999998 0.5340142343750001 0.156209390625 0.47966370156249993 0.1337131984375 0.49106049843750005
0 0.2420926390625 0.4958113875 0.2893109140625 0.49632028437500003 0.2768134515625 0.4595017796875 0.251817259375 0.4454750890625 0.2449441625 0.44459964375 0.2420926390625 0.4958113875
0 0.058293146875 0.29217793593749997 0.029546954687499998 0.29480782968749997 0.0376713203125 0.333379003125 0.0626675125 0.35091103125 0.058293146875 0.29217793593749997
1 0.10640355312500001 0.1878451953125 0.193817259375 0.1909537359375 0.19569162499999998 0.1611476875 0.11320558437499999 0.1620249109375 0.10640355312500001 0.1878451953125
0 0.3406675125 0.261959075 0.35066624375 0.29264056875 0.3719124359375 0.309297153125 0.3769111671875 0.313679715625 0.3794111671875 0.250562278125 0.3406675125 0.261959075
0 0.29442512656250003 0.21111565781250002 0.28113959374999997 0.254914590625 0.28255202968750004 0.2558220640625 0.32942005 0.25494661875 0.33004441562500003 0.19708896874999998 0.3237956859375 0.1909537359375 0.29442512656250003 0.21111565781250002
0 0.44212563437499997 0.2597135234375 0.441233503125 0.315138790625 0.48086928906250004 0.317571175 0.4746205578125 0.28162989375 0.44212563437499997 0.2597135234375
0 0.608347715625 0.262343415625 0.6071852796874999 0.315138790625 0.6452170046875 0.31406405625 0.633343909375 0.2728629890625 0.608347715625 0.262343415625
1 0.45524873125000004 0.094032028125 0.455873096875 0.1168256234375 0.53461040625 0.1168256234375 0.5377347718750001 0.09490925312500001 0.45524873125000004 0.094032028125
1 0.35588959375 0.08964946562500001 0.35588959375 0.1098113875 0.3833857875 0.1098113875 0.38401015156249996 0.08877224218749999 0.35588959375 0.08964946562500001
1 0.6977081218750001 0.1168256234375 0.702706853125 0.09140213593749999 0.6227195437499999 0.096661921875 0.6208464265625 0.11768704375000001 0.6977081218750001 0.1168256234375
0 0.894125634375 0.074208184375 0.7816446703125 0.0759626328125 0.7803946703125 0.113656584375 0.7770629328124999 0.1149915046875 0.7791446703125 0.21359074687500001 0.89225 0.21008540937500003 0.894125634375 0.074208184375
1 0.9197461921875 0.32141637031250003 0.91761040625 0.4 0.9334936546874999 0.39768149531249997 0.9322436546875 0.322291815625 0.9197461921875 0.32141637031250003
0 0.27166497500000003 0.1613185046875 0.3029098984375 0.1192402140625 0.269164975 0.07540925312499999 0.2554175125 0.102585409375 0.2579175125 0.138526690625 0.27166497500000003 0.1613185046875
0 0.47205329999999995 0.6071281140625 0.47392766562500005 0.65358896875 0.5076725890625 0.6325516015625 0.5120469546875 0.5983629890625 0.47205329999999995 0.6071281140625
1 0.510543146875 0.614891459375 0.6532728421875 0.6167722421875 0.6538972078125 0.588720640625 0.5095469546875 0.5895960859375 0.510543146875 0.614891459375
0 0.771182740625 0.6080480421875001 0.7719847718749999 0.6643096078124999 0.7982296953125 0.6441476875000001 0.8157271578125 0.61258896875 0.771182740625 0.6080480421875001
0 0.7707347718750001 0.5161601421875 0.8044784265624999 0.49775266875 0.8138527921875 0.46181138749999995 0.7738591375 0.46356405624999997 0.7707347718750001 0.5161601421875
1 0.8182258890625 0.621355871875 0.8725926390625001 0.6266156578125 0.8732170046875 0.6055765125 0.8144771578125001 0.6046992875 0.8138527921875 0.625738434375 0.8232258890624999 0.6222313171875 0.8182258890625 0.621355871875
1 0.320315990625 0.7895249109375 0.31921065937500004 0.9036957296875 0.3359390859375 0.900855871875 0.3384378171875 0.7877722421875 0.320315990625 0.7895249109375
1 0.34068781718749996 0.7024911031250001 0.45466878125 0.708 0.45216878125 0.6843309609375 0.3353134515625 0.6825782921875 0.34068781718749996 0.7024911031250001
0 0.06594289375 0.43858718906250005 0.023428934375 0.4355871890625 0.0197005078125 0.45524377187500004 0.0309492390625 0.48417259843749993 0.0646941625 0.49995195781249996 0.06594289375 0.43858718906250005
0 0.28016370625000003 0.6997544484375 0.29424873125 0.7392188609375 0.3167449234375 0.749738434375 0.3198692890625 0.69363523125 0.28016370625000003 0.6997544484375