0 0.5444082078125 0.4169242609375 0.531981696875 0.3354449703125 0.493814753125 0.3013384609375 0.49778147500000003 0.403431953125 0.5444082078125 0.4169242609375
0 0.6932889624999999 0.28213017812499996 0.689975596875 0.39608047343749997 0.7086156406249999 0.39039645 0.7334686640625 0.3468142015625 0.7441198 0.28428402343750003 0.6932889624999999 0.28213017812499996
1 0.9713471984375 0.5779857984375 0.9677970046875 0.36197396406250004 0.9518197453124999 0.38281656875 0.9518197453124999 0.576091125 0.9713471984375 0.5779857984375
1 0.196465890625 0.523035503125 0.199128675 0.20091124218749998 0.1830282859375 0.20520710000000003 0.18492734375 0.524930178125 0.196465890625 0.523035503125
1 0.1955784796875 0.799682840625 0.1982412640625 0.5704059171875 0.1830282859375 0.5750295859375 0.1778264 0.7921041421874999 0.1955784796875 0.799682840625
0 0.6021835828125 0.8088544375 0.6323621734375 0.789906509375 0.65987798125 0.717901775 0.6607653906250001 0.6762153843750001 0.603958403125 0.674320709375 0.6021835828125 0.8088544375
0 0.908208540625 0.7229585796875 0.9084076546875 0.81832899375 0.91817138125 0.8259076921874999 0.9510127562499999 0.7918011828125 0.9563388796875 0.717901775 0.908208540625 0.7229585796875
0 0.941249584375 0.9073869828125 0.9057448703125001 0.880859171875 0.9048574593750001 0.9945491125 0.948349971875 0.9945491125 0.9563388796875 0.9774958578125 0.953675540625 0.9433881656249999 0.941249584375 0.9073869828125
0 0.58929561875 0.9004733734375 0.594194675 0.99881656875 0.6483388796875 0.99881656875 0.6447886859375 0.9774958578125 0.628811425 0.9187550296874999 0.58929561875 0.9004733734375
0 0.6342329453125 0.99881656875 0.694590128125 0.99881656875 0.6777254578125 0.9416272187500001 0.6351203546875 0.9037301781249999 0.6342329453125 0.99881656875
0 0.8922861890625 0.8601491125 0.8922861890625 0.7521420125 0.8550066562499999 0.7729857984375 0.8416528015625 0.86792899375 0.8922861890625 0.8601491125
0 0.179568496875 0.52851834375 0.18311924531249998 0.41672307656249996 0.1529401 0.42619645000000006 0.130750415625 0.5171502953125 0.179568496875 0.52851834375